---------------------------------------
Settings: DDPG_Reacher-v2_0
---------------------------------------
Total T: 50 Episode Num: 1 Episode T: 50 Reward: -44.926868
---------------------------------------
Settings: DDPG_Reacher-v2_0
---------------------------------------
DDPG expert performance: [-52.67522705 -52.60059662 -53.10264966 -49.13610207 -52.78826636
 -52.4370258  -52.99813815 -49.28287839 -52.98412578 -50.76493909
 -50.18090434 -51.15026643 -50.9060519  -53.86754668 -49.49900803
 -49.44496624 -50.23061271 -50.18573244 -52.86264942 -53.36356675
 -50.49858155 -49.22465899 -51.60341495 -49.51562558 -51.00806737
 -52.85827068 -49.80997618 -52.19956023 -50.09970928 -49.5660839
 -53.35276579 -49.98428395 -51.52040488 -51.71699447 -49.51197792
 -49.09034618 -48.95465132 -53.85604298 -53.79707562 -50.98636711
 -50.36977631 -50.67612902 -50.3127419  -51.39804466 -48.64975448
 -48.91246455 -48.99916462 -50.99071508 -49.8136309  -53.03472488]
